<!DOCTYPE html>

<html xmlns="http://www.w3.org/1999/xhtml">

  <head>

    <meta charset="utf-8" />
    <meta http-equiv="Content-Type" content="text/html; charset=utf-8" />
    <meta name="generator" content="pandoc" />

    
    
    <title></title>

        <script src="two-D_files/jquery-1.11.0/jquery.min.js"></script>
    <meta name="viewport" content="width=device-width, initial-scale=1.0" />
    <link href="two-D_files/bootstrap3-3.2.0/css/bootstrap.min.css" rel="stylesheet" />
    <link href="two-D_files/bootstrap3-3.2.0/css/themes/default/bootstrap.min.css" rel="stylesheet" />
    <script src="two-D_files/bootstrap3-3.2.0/js/bootstrap.min.js"></script>
    <link href="two-D_files/highlightjs-8.2/highlight/default.css" rel="stylesheet" />
    <script src="two-D_files/highlightjs-8.2/highlight.pack.js"></script>
    <link href="two-D_files/MagnificPopup-0.9.9/magnific-popup.css" rel="stylesheet" />
    <script src="two-D_files/MagnificPopup-0.9.9/magnific-popup.js"></script>
    <link href="two-D_files/knitrBootstrap_simple-0.0.1/css/simple.css" rel="stylesheet" />
    <script src="two-D_files/knitrBootstrap_simple-0.0.1/js/simple.js"></script>
    
    
  </head>

  <body data-spy="scroll" data-target="#toc">
    <div id="wrapper" class="container">
      <div class="row">
        <div class="contents col-xs-12 col-md-10">

          
                    
<!--
%\VignetteEngine{knitr::rmarkdown}
%\VignetteIndexEntry{2D Graphs}
%\VignetteDepends{xtable, corrplot, igraph}
--><div id="tables" class="section level1"><h1>Tables</h1><div id="regular-r-output" class="section level3"><h3>Regular R output</h3><div class="row"><div class="panel panel-primary"><button class="btn btn-default btn-xs btn-primary"><span class="glyphicon glyphicon-chevron-left"></span></button>
<pre ><code class="source r">#for the dataset
data('mtcars')
mcor <-cor(mtcars)
# Print mcor and round to 2 digits
round(mcor,digits=2)</code></pre></div><div class="panel panel-success"><button class="btn btn-default btn-xs btn-success"><span class="glyphicon glyphicon-chevron-left"></span></button>
<pre ><code class="output r">##        mpg   cyl  disp    hp  drat    wt  qsec    vs    am  gear  carb
## mpg   1.00 -0.85 -0.85 -0.78  0.68 -0.87  0.42  0.66  0.60  0.48 -0.55
## cyl  -0.85  1.00  0.90  0.83 -0.70  0.78 -0.59 -0.81 -0.52 -0.49  0.53
## disp -0.85  0.90  1.00  0.79 -0.71  0.89 -0.43 -0.71 -0.59 -0.56  0.39
## hp   -0.78  0.83  0.79  1.00 -0.45  0.66 -0.71 -0.72 -0.24 -0.13  0.75
## drat  0.68 -0.70 -0.71 -0.45  1.00 -0.71  0.09  0.44  0.71  0.70 -0.09
## wt   -0.87  0.78  0.89  0.66 -0.71  1.00 -0.17 -0.55 -0.69 -0.58  0.43
## qsec  0.42 -0.59 -0.43 -0.71  0.09 -0.17  1.00  0.74 -0.23 -0.21 -0.66
## vs    0.66 -0.81 -0.71 -0.72  0.44 -0.55  0.74  1.00  0.17  0.21 -0.57
## am    0.60 -0.52 -0.59 -0.24  0.71 -0.69 -0.23  0.17  1.00  0.79  0.06
## gear  0.48 -0.49 -0.56 -0.13  0.70 -0.58 -0.21  0.21  0.79  1.00  0.27
## carb -0.55  0.53  0.39  0.75 -0.09  0.43 -0.66 -0.57  0.06  0.27  1.00
</code></pre></div></div></div><div id="html-table-using-xtable" class="section level3"><h3>HTML table using xtable</h3><div class="row"><div class="panel panel-primary"><button class="btn btn-default btn-xs btn-primary"><span class="glyphicon glyphicon-chevron-left"></span></button>
<pre ><code class="source r">library(xtable)
print(xtable(mcor), type='html', comment=F)</code></pre></div><table border=1>
<tr> <th>  </th> <th> mpg</th> <th> cyl</th> <th> disp</th> <th> hp</th> <th> drat</th> <th> wt</th> <th> qsec</th> <th> vs</th> <th> am</th> <th> gear</th> <th> carb</th>  </tr>
  <tr> <td align="right"> mpg</td> <td align="right"> 1.00</td> <td align="right"> -0.85</td> <td align="right"> -0.85</td> <td align="right"> -0.78</td> <td align="right"> 0.68</td> <td align="right"> -0.87</td> <td align="right"> 0.42</td> <td align="right"> 0.66</td> <td align="right"> 0.60</td> <td align="right"> 0.48</td> <td align="right"> -0.55</td> </tr>
  <tr> <td align="right"> cyl</td> <td align="right"> -0.85</td> <td align="right"> 1.00</td> <td align="right"> 0.90</td> <td align="right"> 0.83</td> <td align="right"> -0.70</td> <td align="right"> 0.78</td> <td align="right"> -0.59</td> <td align="right"> -0.81</td> <td align="right"> -0.52</td> <td align="right"> -0.49</td> <td align="right"> 0.53</td> </tr>
  <tr> <td align="right"> disp</td> <td align="right"> -0.85</td> <td align="right"> 0.90</td> <td align="right"> 1.00</td> <td align="right"> 0.79</td> <td align="right"> -0.71</td> <td align="right"> 0.89</td> <td align="right"> -0.43</td> <td align="right"> -0.71</td> <td align="right"> -0.59</td> <td align="right"> -0.56</td> <td align="right"> 0.39</td> </tr>
  <tr> <td align="right"> hp</td> <td align="right"> -0.78</td> <td align="right"> 0.83</td> <td align="right"> 0.79</td> <td align="right"> 1.00</td> <td align="right"> -0.45</td> <td align="right"> 0.66</td> <td align="right"> -0.71</td> <td align="right"> -0.72</td> <td align="right"> -0.24</td> <td align="right"> -0.13</td> <td align="right"> 0.75</td> </tr>
  <tr> <td align="right"> drat</td> <td align="right"> 0.68</td> <td align="right"> -0.70</td> <td align="right"> -0.71</td> <td align="right"> -0.45</td> <td align="right"> 1.00</td> <td align="right"> -0.71</td> <td align="right"> 0.09</td> <td align="right"> 0.44</td> <td align="right"> 0.71</td> <td align="right"> 0.70</td> <td align="right"> -0.09</td> </tr>
  <tr> <td align="right"> wt</td> <td align="right"> -0.87</td> <td align="right"> 0.78</td> <td align="right"> 0.89</td> <td align="right"> 0.66</td> <td align="right"> -0.71</td> <td align="right"> 1.00</td> <td align="right"> -0.17</td> <td align="right"> -0.55</td> <td align="right"> -0.69</td> <td align="right"> -0.58</td> <td align="right"> 0.43</td> </tr>
  <tr> <td align="right"> qsec</td> <td align="right"> 0.42</td> <td align="right"> -0.59</td> <td align="right"> -0.43</td> <td align="right"> -0.71</td> <td align="right"> 0.09</td> <td align="right"> -0.17</td> <td align="right"> 1.00</td> <td align="right"> 0.74</td> <td align="right"> -0.23</td> <td align="right"> -0.21</td> <td align="right"> -0.66</td> </tr>
  <tr> <td align="right"> vs</td> <td align="right"> 0.66</td> <td align="right"> -0.81</td> <td align="right"> -0.71</td> <td align="right"> -0.72</td> <td align="right"> 0.44</td> <td align="right"> -0.55</td> <td align="right"> 0.74</td> <td align="right"> 1.00</td> <td align="right"> 0.17</td> <td align="right"> 0.21</td> <td align="right"> -0.57</td> </tr>
  <tr> <td align="right"> am</td> <td align="right"> 0.60</td> <td align="right"> -0.52</td> <td align="right"> -0.59</td> <td align="right"> -0.24</td> <td align="right"> 0.71</td> <td align="right"> -0.69</td> <td align="right"> -0.23</td> <td align="right"> 0.17</td> <td align="right"> 1.00</td> <td align="right"> 0.79</td> <td align="right"> 0.06</td> </tr>
  <tr> <td align="right"> gear</td> <td align="right"> 0.48</td> <td align="right"> -0.49</td> <td align="right"> -0.56</td> <td align="right"> -0.13</td> <td align="right"> 0.70</td> <td align="right"> -0.58</td> <td align="right"> -0.21</td> <td align="right"> 0.21</td> <td align="right"> 0.79</td> <td align="right"> 1.00</td> <td align="right"> 0.27</td> </tr>
  <tr> <td align="right"> carb</td> <td align="right"> -0.55</td> <td align="right"> 0.53</td> <td align="right"> 0.39</td> <td align="right"> 0.75</td> <td align="right"> -0.09</td> <td align="right"> 0.43</td> <td align="right"> -0.66</td> <td align="right"> -0.57</td> <td align="right"> 0.06</td> <td align="right"> 0.27</td> <td align="right"> 1.00</td> </tr>
   </table>
</div><h1>2d graphs</h1><p>These 2d examples are both from Winsong Chang’s excellent <a href="http://www.amazon.com/R-Graphics-Cookbook-Winston-Chang/dp/1449316956">R Graphics Cookbook</a>.</p><h2>Correlation Matrix Example</h2><h3>Correlation plot</h3><div class="row"><div class="panel panel-primary"><button class="btn btn-default btn-xs btn-primary"><span class="glyphicon glyphicon-chevron-left"></span></button>
<pre ><code class="source r">library(corrplot)
corrplot(mcor)</code></pre></div><div class="row"><div class="col-md-offset-3 col-md-6"><a href="#" class="thumbnail"><img src="two-D_files/figure-html/2d_plot-1.png" /> </a></div></div></div><h2>Network Graph Example</h2><div class="row"><div class="panel panel-primary"><button class="btn btn-default btn-xs btn-primary"><span class="glyphicon glyphicon-chevron-left"></span></button>
<pre ><code class="source r">library(igraph)</code></pre></div><div class="panel panel-info"><button class="btn btn-default btn-xs btn-info"><span class="glyphicon glyphicon-chevron-left"></span></button>
<pre ><code class="message r">## Loading required package: methods
</code></pre></div><div class="panel panel-primary"><button class="btn btn-default btn-xs btn-primary"><span class="glyphicon glyphicon-chevron-left"></span></button>
<pre ><code class="source r"># Specify edges for a directed graph
gd <-graph(c(1,2, 2,3, 2,4, 1,4, 5,5, 3,6))
plot(gd)</code></pre></div><div class="row"><div class="col-md-offset-3 col-md-6"><a href="#" class="thumbnail"><img src="two-D_files/figure-html/2d_network_data-1.png" /> </a></div></div><div class="panel panel-primary"><button class="btn btn-default btn-xs btn-primary"><span class="glyphicon glyphicon-chevron-left"></span></button>
<pre ><code class="source r"># For an undirected graph
gu <-graph(c(1,2, 2,3, 2,4, 1,4, 5,5, 3,6),directed=FALSE)
# No labels
plot(gu,vertex.label=NA)</code></pre></div><div class="row"><div class="col-md-offset-3 col-md-6"><a href="#" class="thumbnail"><img src="two-D_files/figure-html/2d_network_data-2.png" /> </a></div></div></div><p>Author: <a href="http://jimhester.com">Jim Hester</a> Created: 2013 Mar 27 10:54:38 PM Last Modified: 2014 Oct 07 02:46:07 PM</p></div></div>

          <p class="text-muted" id="credit">
            Styled with <a href="https://github.com/jimhester/knitrBootstrap">knitrBootstrap</a>
          </p>

        </div>

                <div  class="col-md-2">
          <div class="hidden-print hidden-xs hidden-sm sidebar affix">
            <div id="toc" class="sidenav">
              <ul><li><a href="#tables">Tables</a><ul><li><a href="#regular-r-output">Regular R output</a></li><li><a href="#html-table-using-xtable">HTML table using xtable</a></li></ul></li></ul>
            </div>
          </div>
        </div>
        
      </div>
    </div>

      </body>
</html>
